1   - AZIZI Mahmoud ghanem          212135055006   10.9           17.75          16.45          15.8           16.75          18.7           16.5           30             15.9           
2   - OUARET Lamia                  212135054754   11.85          16.75          15.65          13.05          17.7           18.5           18.5           30             15.61          
3   - BOUDJEMLINE Nadia             212135077003   15.15          18.35          15             11.3           14.5           18             16             30             15.57          
4   - HARFOUCHE Yasmine             212135055774   13.1           16.55          17.1           15.35          14.4           15.2           16             30             15.39          
5   - OULD KHAOUA Idir              212135060257   16.3           16.1           12.5           15.3           14             16.7           17             30             15.23          
6   - TIBERMACINE Khadidja          212135055722   13.8           16.15          12.85          14.75          16.1           17.4           14.5           30             14.96          
7   - LAKHAL Seif el islam          212135054267   13.65          15.8           15.5           10.35          16.7           16             12             30             14.56          
8   - ABDESSELAM Mohamed            212135059712   14.45          15.7           12.9           13             13.6           18.5           13             30             14.52          
9   - MATRAH Besma                  212135053691   13.95          14.35          11.5           15.45          15             17.8           16             30             14.49          
10  - BOUAROUR Mohamed rami         212135062393   14.2           14.15          14.8           11.9           16.1           14.8           16             30             14.44          
11  - BENSOULA Khaoula              212135053825   16.2           16.75          11.05          11.6           13.2           16.9           13.5           30             14.31          
12  - DJARI Abdelbasset             212135056174   14.1           16.45          11.7           12.6           10.1           17.8           19.5           30             14.21          
13  - ADIMI Hadil                   212135059933   14.45          15.3           14.3           8.8            13.6           14             15             30             13.75          
14  - YOUSFI Abderaouf              212135065651   11.05          14.25          14.6           10.25          13.7           17.8           16             30             13.7           
15  - KAROUCHE Seif eddine          212135063758   10.85          13.75          13.1           12.6           16.7           17.7           12             30             13.69          
16  - BENHAMOU Lina yasmine         212135054820   12.95          14.85          12.8           10.95          13.6           17             13.5           30             13.65          
17  - NOUR EDDINE Haithem-          212135056119   11.7           13.7           14.3           14.2           12.5           18.2           8.5            30             13.59          
18  - BEN AISSA Mohamed             212135054879   13.7           14.95          12.7           12.7           12             16.3           11             30             13.57          
19  - BEKZIZ Mahdi mohamed amine    212135059834   14.3           13.95          10.9           15.4           9.4            15.8           17.5           30             13.51          
20  - KARA Ghofrane hibet-          212135055745   12.85          14.25          15.75          9.6            12.35          14.3           14             30             13.44          
21  - NAGHMOUCHE Seif eddine        212135056768   11.65          13.1           14.4           14.1           12.9           15.4           12             30             13.39          
22  - BELLAL Rahma                  212135059363   11.2           15.55          13.35          11.25          12.6           14.4           17             30             13.36          
23  - CHELLALI Baha eddine          192035066777   9.9            13.6           14.2           13.15          11.7           17.8           13.5           30             13.24          
24  - ZIGHMI Maroua                 212135059762   11.55          15.2           13.2           13.35          8.5            16.7           14.5           30             13.22          
25  - BENTAMA Sohaib                212135055735   13.45          13             11.6           10.5           14             16.7           14             30             13.16          
26  - MANSOURI Khadidja serine      212135053807   16.3           11.3           12.35          9              12.6           16.7           14             30             13.15          
27  - BENABID Mohamed rahan         212135055924   11.45          13.5           14.1           12             10.1           16             16.5           30             13.12          
28  - SAOULI Aya                    212135053096   12.35          12.2           12.25          11.9           16.25          13.5           16             30             13.11          
29  - MAHMOUDI Laldja               212135065614   11.6           14.3           10.4           12.5           14.4           17.9           10.5           30             13.06          
30  - REDJEM Younes                 212135056130   10.75          14.5           12.2           13.4           12.5           15.6           13.5           30             13.06          
31  - BENCHABANE Abdeldjalil        212135054473   10.4           13.6           12.35          12.1           15.3           16.3           11             30             12.97          
32  - MEROUANI Souha                212135054248   12.15          12.3           12             13.3           14.45          14.3           13.5           30             12.94          
33  - BENLAKRI Tarek                212135061806   12.45          12.8           11.25          10.15          16.3           14.3           13.5           30             12.78          
34  - DJOUADA Djamel eddine         212135053744   10.85          13.65          12.9           9              13             15.4           17.5           30             12.78          
35  - ZEGHMAR Assia                 202035051210   9.6            14.6           13.6           14.9           10             12.1           16.5           30             12.74          
36  - KOUMNI Mohammed amine         191931051660   11.75          12.85          15.05          10.5           12             12.4           14.5           30             12.7           
37  - DOUIBI Talal                  212135059543   11.5           15.1           13.35          8.4            11.1           14.6           14.5           30             12.66          
38  - BENABIREZ Manar               212135078037   10.1           13.45          12             10.25          14.3           14.6           17             30             12.62          
39  - SALEM Yanis zakari            212135059999   12.9           14.1           10.55          9.3            12.8           16.6           11.5           30             12.6           
40  - SABEUR Hanane                 212135059263   12.1           11.1           15.3           10.9           13.6           14.5           8              30             12.59          
41  - BENHATTA Mokhtar              212135055008   10.05          11.2           15.45          12.5           11.65          13.5           13.5           30             12.43          
42  - KHEDAR Seif eddine            212135062344   10.75          14.05          11.9           9              12.6           15.5           14             30             12.39          
43  - BENKERRI Thaouab              212135053737   10.6           16.2           12.3           9.5            12.4           12.2           12.5           30             12.38          
44  - REFOUFI Asma                  212135053166   12.7           11.2           11.55          11.6           11.5           17.3           11             30             12.38          
45  - AFFANI Ayet errahmane         181835057716   10.65          9.65           12.2           14             14             13.8           16.5           30             12.35          
46  - HAMOU Rahil                   212135059365   10.95          11.05          11             11.2           13.15          18.2           13             30             12.32          
47  - ABACI Meriem                  212135055074   10.95          12.1           11.65          7.7            16.4           15             14.5           30             12.3           
48  - CHAABNA Manar                 212135063840   13.88          12.65          12.75          11.7           10.2           12.4           9.5            30             12.25          
49  - HERBADJI Maroua               212135061512   10.8           13.15          11.9           8.4            14             14             15.5           30             12.24          
50  - ABDI Mohamed nasrellah        202035047789   12.55          13.7           12.5           15.85          6.25           10.2           14             30             12.18          
51  - BOUDJADI Ikram                212135056642   8.75           13.2           10.2           11.7           13.55          17.5           12.5           30             12.16          
52  - DOUIBI Ahlem                  212135057681   11.85          13.45          11.4           10.65          13.2           10.9           13.5           30             12.07          
53  - GUESMIA Hibet-errahmane       212135068152   15.45          10.55          10.65          12.3           10.3           15             7.5            30             12.04          
54  - BENALLEGUE Soundous anfal     212135054235   12.6           13.1           8.4            10.2           12.75          13.8           16.5           30             12.02          
55  - MOUSSAOUI Houda               212135055422   10.1           14.95          12.95          9.5            8.65           13.9           14             30             12.01          
56  - BENBOUBETRA Zakaria           212135055728   9.8            11.5           13.25          11.9           8.6            15.7           16             30             12             
57  - BENZAOUI Anfel                212135060031   9.65           11.9           11.5           9.95           13.9           14.7           15             30             11.96          
58  - HAMOUCHE Abdelkrim            212135054550   11.1           11.45          12.35          10.55          13.3           11.4           16             30             11.95          
59  - ACHOUR Ouns                   212135053593   9.85           11.15          13.95          8.35           11.65          16.3           13.5           30             11.94          
60  - KRAOUCHI Sara                 212135059438   11.05          10             13.4           10.5           11.6           15.5           12             30             11.91          
61  - HAMMAOUI Keltoum              212135065203   11.9           11.4           10.2           11.1           13.2           13.9           13             30             11.87          
62  - KHALED Hania                  212135077372   9.8            12.55          11.15          10.25          13.9           13.3           14.5           30             11.87          
63  - ZERGUINE Younes               212135055663   9.6            12.4           13.65          9.6            10.2           15.7           12             30             11.87          
64  - KADRI Haroun                  212135059915   8.7            14.05          14.25          7.65           9.8            16.9           10             30             11.86          
65  - BOUGEURNE Racha hiyam         212135053969   9.55           12.1           13.15          6.7            13.8           17.1           10             30             11.85          
66  - BENTALEB Souhila              212135075793   11.85          12.95          14.1           7.4            11.6           12.3           9.5            30             11.8           
67  - DAIDECHE Imane                212135065612   9.7            12.35          8.6            8.95           16             16.6           12.5           30             11.72          
68  - DILMI Riham feriel            212135075464   8.35           10.55          12.8           9              14.75          16.2           12.5           30             11.72          
69  - BOURGAZENE Oussama            212135074237   12.05          14.05          10.2           8.6            10.8           14.1           11.5           30             11.71          
70  - DJELIL Khaoula                212135065624   11.05          11.5           9.85           12.4           14.4           13             10.5           30             11.71          
71  - MATRAH Bouchra                212135061781   9.6            11.5           12.3           10             13.7           13.3           13             30             11.7           
72  - BERRAH Nour el houda          212135059887   10.35          9.85           12.7           9.45           11.5           17             12             30             11.66          
73  - DJELILI Tassaadit             212135065144   14.25          12.45          11.15          6.1            11.9           13.7           9.5            30             11.65          
74  - DILMI Nour el illah           202035048071   8.55           12.45          10.75          10.9           10.2           17.1           14.5           30             11.63          
75  - NOUAS Houda                   212135055423   11.75          10.5           12.6           7.3            12.85          13             15             30             11.62          
76  - ARAB Nour elhouda             212135055332   12.7           12.55          10.85          11.8           10.2           11.4           10.5           30             11.6           
77  - BOUTOUIL Meriem               212135059776   10.5           11.65          12.65          7.55           11.55          14.4           13.5           30             11.56          
78  - BOUBEGRA Lydia                212135065208   8.9            11.25          11.95          9.25           14.6           13.7           12.5           30             11.5           
79  - KHIREDDINE Abdennour          212135060062   13.15          10.4           13.25          10             8.65           14.3           7.5            30             11.49          
80  - RAHMANE Hounaida              212135060080   8.1            13.6           12.75          7.15           12.9           13.4           12.5           30             11.42          
81  - REDJECHTA Abderraouf          212135054482   13.05          12.8           12.25          7.7            7.15           13.5           11.5           30             11.41          
82  - GHEMRA Manar                  212135059813   9.25           9.85           10.25          9.8            14.7           15.1           13             30             11.27          
83  - TEBBANI Anfal                 212135061213   10.95          13.95          12.85          8.5            6              13.2           11.5           30             11.26          
84  - BENSEKHAR Maria golsaf        212135076603   8.1            13.05          12.6           12.3           10.55          8.9            15             30             11.24          
85  - KAOUANE Meriem                212135063834   9.6            11.3           11.3           7.4            14.1           15.6           9              30             11.24          
86  - DEBBIHI Fatiha                212135076385   7.55           10.65          12.8           9.2            9.75           16.3           16             30             11.22          
87  - KHATTAB Nesrine               212135055276   10.35          8.25           11.6           9.2            14             13.5           15.5           30             11.22          
88  - DOUDOU Mohamed el fateh       212135054926   8.6            13.3           11             7.4            15.2           10.7           14             30             11.21          
89  - REZIG Hadjer                  212135059909   8.85           11.95          10             10.1           13.5           14             11.5           30             11.19          
90  - AMARDJIA Hiba                 212135055400   5.8            11.7           9.15           12.85          12.3           16.6           15.5           30             11.18          
91  - KEDDOUR Khadidja              212135055881   9.25           10.35          12.45          7.6            12.3           14.2           14.5           30             11.18          
92  - KIRAT Bouchra                 212135059222   12.7           9.6            9.25           8.9            13.6           14.6           10             30             11.18          
93  - ZAIM Ali taha                 212135054619   13.5           10             10             7.9            8.05           14.4           17.5           30             11.17          
94  - SERRAR Khadidja               212135053804   12.4           7.15           11.85          7.2            13             16             12             30             11.16          
95  - KERROUCHE Hamza               212135075154   10.35          11.1           12.05          6.7            9.65           17             11             30             11.14          
96  - KESSITA NOURHANE              212134080903   12.95          9.35           11.7           9.4            8.4            12.6           15.5           30             11.14          
97  - LATRECHE Ahlem                212135053113   9              7.95           13.1           9.1            15             14.2           11.5           30             11.14          
98  - MEGRADI Abderrahim            212135070045   7.45           12.5           10.4           8.5            12.25          15.2           15             30             11.13          
99  - LOUAHCHE Rabah                212135065286   7.3            8.75           13.25          11.1           14.7           13.7           11             30             11.12          
100 - KISRA Maroua                  212135062395   9.35           11.1           10.85          8.4            14.4           14.6           9              30             11.11          
101 - ACHOURI Izdihar               212135067695   12.1           8.45           12.8           10.45          11.75          12.8           7              30             11.07          
102 - LAIDANI Ishak nour el islam   212135063685   16.1           9.15           9.05           6.5            7              16.9           13             30             11.05          
103 - MANSOURI Yasmine              212135064775   8.35           13.35          12.05          6.8            9.25           13.1           17             30             11.04          
104 - BENAMRAOUI Amira              212135067441   11.7           10.35          11.45          7.2            12.8           13.3           9              30             11.01          
105 - RECHACHE Noura                212135069398   9.55           11.8           11.6           8.3            11.85          13.1           10.5           30             10.99          
106 - ISSAADI Seif el islam mahfoud 212135055733   10.35          12.5           12.7           5.45           9.35           14.9           9.5            30             10.98          
107 - BOUYOUCEF Malak               212135063836   9.7            13.8           10.75          10             10.6           10.8           10             30             10.97          
108 - STAMBOULI Imane               212135065139   11.2           8.8            12.4           6              11.9           12.8           16.5           30             10.94          
109 - SABER Feriel                  212135063807   9.2            9.25           11             9.3            16.8           12.7           8.5            30             10.91          
110 - GUETTAF Zine eddine           212132060821   9.05           10.8           13.55          8.75           10.2           11.2           13.5           30             10.88          
111 - ABBACI Souad                  212135065165   10.15          11.15          8.65           8.55           12.4           14.1           13.5           30             10.84          
112 - KOUADRI Aymen                 212135059042   7.05           11.5           10.6           11.4           11.6           13             13.5           30             10.81          
113 - AZZOUZ Moncef                 212135055164   9.95           10.3           12.4           8.25           9.55           13.6           12             30             10.8           
114 - KARA Amina meriem             212135053261   6.2            12.3           13.2           9.4            7.35           13.8           16.5           30             10.8           
115 - ROUBA Amine                   212135053587   10.1           8.85           9.6            10             10.4           14             18             30             10.78          
116 - BOUKAROUNE Fares              212135076362   14.1           9.95           11.1           8              11.05          8.5            11.5           30             10.76          
117 - BELLAL Anfal                  212135053282   8.8            11.2           12.55          6.8            11.1           14.2           10             30             10.74          
118 - BOUREGHDA Mohamed islam       212135059718   7.35           10.55          11.4           10.75          9.1            14.4           15.5           30             10.74          
119 - BENROUIBI Imen asma           212135077625   7.75           10.8           10.1           10.55          12.1           14.4           11.5           30             10.72          
120 - BOUDRAA Fatima                212135070047   6.6            11.9           10.3           8.8            13.3           14.6           11.5           30             10.71          
121 - CHELLAL Abir                  202035048594   8.55           10.2           10.2           9.05           14.15          12.5           13             30             10.71          
122 - MOKHTARI Nour el houda        212135061581   7.85           9.65           11.9           7.4            11.6           15.5           14             30             10.7           
123 - HADDAOUI Meriem               212135055078   8              11.5           10.25          7.5            12.55          12.6           16.5           30             10.69          
124 - BENHABYLES Nadia              212135064756   8.05           12.95          10.35          8              9.5            14.2           13.5           30             10.68          
125 - BRIOUA Yasser                 161634097558   10.85          9.3            9.75           8.3            10.5           15.7           12             30             10.67          
126 - HABI Kaouther                 192135076495   8.7            10.35          10.15          5.7            14             16.6           10.5           30             10.67          
127 - BOUSBAA Abderrahmane          212135076147   11.55          12.45          11.8           9.2            7.3            9.5            11             30             10.65          
128 - BOUABDALLAH Lina              212135069781   7.25           10.6           14.2           7.35           10.6           10.8           16.5           30             10.64          
129 - BOUIMA Raounek                212135063744   8.3            13.15          9.9            6.15           10.95          15             12             30             10.64          
130 - CHEBER Ahmed nour el islam    191935054811   10.75          5.55           12.15          10.8           10.55          15.1           12             30             10.64          
131 - HAIF Abderraouf               212135076139   8.9            10.95          10.55          8.7            12.7           10             16             30             10.63          
132 - RACHEDI Toufik                212135053732   11             10.1           12.05          10.35          7.5            13.8           7              30             10.61          
133 - BELMIHOUB Bouthaina           212135062299   9.3            11.2           11.6           8.35           11.8           8.9            15             30             10.59          
134 - MEKHELFI Amel ouissal         181835055963   7.35           13.35          9.75           10.6           12.3           8.6            15             30             10.58          
135 - NOUREDDINE Oum kelthoum       212135058992   7.4            10.85          11.05          6.7            14             15.3           9              30             10.56          
136 - BOUDRAA Imene                 212135017739   9.45           9.1            14.4           6              13             10.6           10             30             10.51          
137 - AOUINANE Meriem               212135055064   12.45          9.4            11.5           6.7            8.1            13.4           11.5           30             10.5           
138 - DEBBAH Aya                    212135062293   8.6            9.45           11.5           8.05           9.45           14.9           14.5           30             10.5           
139 - BOUCHAOUI Nermine             212135055249   8              13.3           8.3            7.45           12.5           14.1           11             30             10.49          
140 - LAIB Douaa                    212135053840   7.65           8.8            12.6           10.15          10.25          13.3           12.5           30             10.44          
141 - ZERMANI Chaima                212135065645   8.5            10.95          11.45          7.3            12.3           12.8           9              30             10.41          
142 - HADJ MOKHNECHE Ahlem          181835055935   10.3           10.75          11             5.25           10.2           10.4           18.5           30             10.4           
143 - TORCHE Yousra nihad           212135055622   6.6            11             10.6           8.25           13.2           13.1           12.5           30             10.39          
144 - TEGGUICHE Ishak               212135059060   7.95           13.05          8.3            6.7            10.2           13.2           17.5           30             10.35          
145 - BELAMRI Mounib                212135068719   8              15.5           9.7            7.3            9.3            9.3            14             30             10.34          
146 - GUENDOUZ Karima               212135066950   10.55          8.55           11.3           6              9.4            14.2           15             30             10.34          
147 - HACHEMI Mohamed salah         212135054951   7.95           12.1           9.55           9.65           10.1           10.5           16             30             10.33          
148 - SEBIA Kods                    212135078150   7.85           10.9           11.55          9.3            10.45          12.7           9.5            30             10.33          
149 - DEGHOUL Sara                  212135060051   9.9            11.4           9.65           7.65           12.6           10.4           11             30             10.32          
150 - KESKAS Nacer allah            212135055283   12.35          9.2            6.95           8.4            11.4           12.3           15             30             10.3           
151 - BERBAGUI Djallal              212135055684   7.65           9.3            12.15          8.65           9.15           14             13.5           30             10.28          
152 - BARKAT Ranya                  202035055464   10.85          5.55           11.15          11.9           11.9           10             14             30             10.27          
153 - BENIDER Ikram                 212135063691   8.2            10.3           9.15           8.3            10.6           16             11.5           30             10.27          
154 - KETFI Chaker said             212135054278   9.15           8.45           10.45          7.3            13.7           12.5           13             30             10.26          
155 - BENSACI Hadil                 212135069972   7.1            12.9           10             8.8            10.4           12.8           10             30             10.25          
156 - MOHAMEDI Imane                212135053411   7.05           8.85           9.95           9.9            10.3           15.2           15.5           30             10.24          
157 - BOUGHAZI Amani                212135060246   8.65           11.85          11.75          8.15           8.8            11.5           10             30             10.23          
158 - SELLAOUI Idris                212135059055   9.6            8.75           10.85          6.3            10.25          15.2           12.5           30             10.23          
159 - DJIDJIK Eldjida               212135065136   8.15           12.3           10.65          6.7            7.65           14.4           12.5           30             10.21          
160 - MOHAMED Amine                 212135062500   9.15           8.3            10.85          8.65           12.3           10             16.5           30             10.21          
161 - DEHOULI Salah                 171735069928   12.1           12.1           10             10.7           5.2            7.6            13.5           30             10.19          
162 - MANALLAH Ines amira           202035048392   7.2            11.1           8.7            6              9.65           16.6           17.5           30             10.19          
163 - LOUAILECHE Oussama            212135053143   12.9           7.95           9.45           8.3            10.75          10.6           12.5           30             10.17          
164 - BENZEKA Meriem nour el houda  212135055087   9.7            8.35           13.55          5.85           11.6           11.2           10.5           30             10.16          
165 - KELKOUL Lydia                 212135055917   6.8            11.7           9.7            7.2            10.15          13.6           16             30             10.16          
166 - BENMILA Seif eddine           212135056045   7.9            10.6           11.45          8.35           7.8            13.8           12.5           30             10.14          
167 - SLIM Hafsa                    212135053780   7.3            10.4           10.1           6.3            10.8           15.3           14             30             10.14          
168 - KEFFOUS Mouhcen               212135054863   8.6            11.65          11.15          7.55           10.15          9.2            14             30             10.13          
169 - MAMECHE Samah                 212135061360   7.65           10.75          13.2           9.7            10.7           8.7            9              30             10.13          
170 - ZIZI Yamina                   212135056125   8.1            8.95           11.6           7.9            9.65           15.2           10.5           30             10.13          
171 - KOUADRI Hadjer                212135069402   8.15           9.2            10.55          9.15           10.7           13.5           11.5           30             10.12          
172 - BOUDRAMA Aya                  212135074154   11.75          9.2            10.9           8.1            7.6            12.1           10             30             10.07          
173 - ABBOU Lamis nesrine           212135054771   6.75           7.95           9.1            8.4            14.2           14.2           16             30             10.06          
174 - GUERDANE Fadi dhia eddine     212135059633   12.8           8.65           10.4           6.7            8.35           12.3           10.5           30             10.05          
175 - DALACHE Aya                   212135074167   8.4            8.8            13.85          7.75           11             9              12             30             10.04          
176 - TEBIB Oumaima                 212135063365   8.8            9.9            9.8            7.4            12.4           13             9.5            30             10.04          
177 - DJELAOUDJI Abdelouahab        212135061681   7.6            10.5           11.55          7.9            7.4            13.6           13.5           30             10.02          
178 - CHOUALI Wail                  191935049979   7.8            9.5            12.75          4.3            10.1           10.5           20             30             10             
179 - GUERAICHE Yassamine           212135055580   5.7            8.8            13.15          8.25           10.4           15.4           9              30             10             
180 - BOUGHAZI Omar habib eddine    212135054633   6.65           11.25          9.45           7.7            12             9.5            19             15             9.97           
181 - TALHI Aya                     212135067886   12.6           9.1            12.95          5.2            7.55           10.7           8.5            20             9.96           
182 - BOUGUERRA Nadjet              212135055229   6.9            14.2           9.35           6.9            9.1            10.4           15             17             9.95           
183 - CHEBLI Nesrine                212135055264   6.45           7.5            10.85          11.35          11.3           13.3           12.5           19             9.93           
184 - LAALAOUI Mouhcen              212135054866   8.15           11.95          10.6           9.9            6.4            10.3           13.5           26             9.93           
185 - LITIM Nabila                  212135069391   9.45           12.25          9.45           9.2            7.45           10             11.5           17             9.89           
186 - CHENNAFI Islem                212135061164   6.15           11.3           11.35          6.6            9.35           14.3           11             20             9.87           
187 - HAMMACHE Haithem              202035052228   7.8            6.7            11.5           8.3            14.7           10.4           13             19             9.86           
188 - BOUAOUNE Rayane               212135075532   6.95           10.7           11.45          6.6            7.4            14.9           12.5           20             9.85           
189 - HEDNA Amir                    212135053575   5.9            9.65           9.25           10.65          8              15.1           15             14             9.81           
190 - CHETOUANE Anes chokre allah   212135053267   12.45          9.8            8.6            6.5            6.9            11.9           13.5           17             9.79           
191 - KHIRDINE Ichrak               212135062458   6.4            11.2           9.75           8.5            13.2           10.6           10             15             9.79           
192 - MADHI Manal                   212135067786   7.25           10.6           10.1           6.5            10.7           13.9           10.5           20             9.79           
193 - HADNA Islam amir              212135053362   12.9           8.7            9.45           7.7            8.35           11.2           8.5            15             9.76           
194 - ARAB Achwak                   212135067794   7.85           12.95          10.25          5.5            8.8            13.5           7              24             9.73           
195 - BEKHAKH Mohamed ali           161731065048   8.55           6.05           11.6           10             12.8           10.7           10             19             9.73           
196 - MESSALTI Mohamed aymen        212135054899   9.15           9.75           8.3            5.9            10.9           13.6           13             10             9.71           
197 - BOUKABOU Mehdi yacine         212135055180   7.5            8.65           11             10             8.4            13.2           10.5           19             9.7            
198 - AMROUNE Ouarda                212135063866   9.55           9.45           9.15           9.7            10.8           13             3.5            8              9.68           
199 - MAIRI Manar                   212135076912   7.7            11.7           8.1            4.8            11.4           13.4           13             15             9.67           
200 - SERRAI Mahdi anis             212135055186   7.45           12.7           10.7           6.1            6.25           12.2           11.5           22             9.58           
201 - BEKRAR Wissal                 212135061837   7.2            7.65           11.1           7.15           9              16.2           10.5           15             9.57           
202 - LARBI Lyazid                  212135059168   6.95           8.65           10.15          7.85           10.3           14.8           10             15             9.57           
203 - LAABIDI Ahlem                 212135061892   9.4            7.25           10             7.05           9.25           15.8           8              13             9.51           
204 - DEBACHA Oumaima               212135061138   6.2            10.4           8.7            5.95           11.7           13.2           14             15             9.48           
205 - FLIFLA Youcef                 212135068705   10.65          10.45          8.65           7              7.9            11.4           9.5            15             9.46           
206 - HAROUN Zineddine              212135063298   7.85           10.68          10.45          7              5.95           12.3           13.5           16             9.44           
207 - MERIR Ishak abdeldjebar       202035048675   7.25           11.95          9.75           6.25           8.95           11.9           10             15             9.44           
208 - ROUILA Abdennour              212135059590   8              8.25           8.9            7.85           11.15          14.8           8              8              9.44           
209 - SAKHARA Ala-eddine            212135054609   5.6            12.1           11.25          5.5            6.4            14.4           11.5           20             9.43           
210 - BOUKABEL Maram                212135056197   7.95           7.6            10.6           5.15           11.85          13.5           11             15             9.41           
211 - HAYANE Hosni                  191935066887   11.25          11.05          8.35           10.2           10.1           0              18             21             9.41           
212 - CHAREF Aya                    212135060177   6.95           10.8           9.55           8.3            12.8           9.1            8              13             9.4            
213 - ADJIMI Mallak                 212135062404   7.4            11.05          10.35          6.4            6.8            12.6           12             16             9.38           
214 - BOUANANE Ali                  212135059613   12.25          7.95           9.65           5.7            7              9.6            16             13             9.38           
215 - BOULENOUAR Meriem             212135076835   9.75           6.4            11.3           6.5            10.1           11.1           11             15             9.3            
216 - LATRECHE Oussama mahdi        202035046333   6.15           9.85           10.4           9.6            9.6            9.2            12.5           11             9.28           
217 - BENIDER Ala eddine            202035049408   6.9            8.9            10.3           5.4            9.1            14.9           11             15             9.26           
218 - DERROUICHE Selsabil           212135054179   5.4            8.8            9.8            6.9            11.8           14.6           9.5            8              9.26           
219 - ZAABOUB Zineddine yanis       212135060197   8.8            11.1           9.4            5.1            9.25           12             7.5            13             9.26           
220 - GHAMOUD Hichem                212135060079   8.3            8.9            9.85           6              9              13.6           9.5            8              9.24           
221 - MAIRI Rahma                   212135053953   5.9            7.1            10.5           5.75           13.4           12.7           13.5           15             9.23           
222 - GUERNICHE Abdelbasset         212135063302   7.6            11.8           10.25          5.2            8.75           9.8            10.5           12             9.19           
223 - DIB Amira                     212135061769   6.25           8.55           10.15          6.25           10.1           13.3           12.5           15             9.17           
224 - AICHOUR Sarra                 212135054119   8.75           8.05           7.85           6.4            12.5           9.3            16             10             9.15           
225 - BOUKHALFA Aymen               212135060097   7.45           10.5           11.15          4.9            6.7            13.4           9              18             9.15           
226 - KEDDAD Iskander abdeldjebar   212135053489   8.2            9.3            7.75           6.7            10             9.8            17             6              9.11           
227 - BENIAICHE Zineddine           212135054091   12.5           6.45           7.7            5              8.1            11.5           16             12             9.07           
228 - GUETTAF Dounia                191935048580   5.15           6.35           9.45           9.3            12.9           9.4            19             10             9.07           
229 - HANNACHI Ahmed el             212135068505   8              10.8           8.65           6.8            10.35          9.7            9              13             9.07           
230 - BEN MOUSSA Abdelouakil        212135059592   10.7           5.05           10.5           7.4            9.7            9.6            12.5           13             9.04           
231 - BOUCHEGROUN Mohanad           202035052373   5.6            8.4            9.85           10.6           9.4            10.7           11             19             9              
232 - BENABDELHAFID Rayenne         212135062328   5.85           9              10.5           5.4            8.85           14.8           9.5            13             8.98           
233 - CHETOUANI Hadjer              212135055373   13.1           7.25           8.85           5.1            6.1            11.2           10.5           17             8.93           
234 - KASMI Wisem                   212135063867   6.3            8.25           9.4            5.9            10.3           12.2           14             10             8.92           
235 - MEDJDOUB Baha eddine          212135055718   8.95           9.2            9.65           7.1            6.2            11             10.5           6              8.91           
236 - MOUMEN Abdraouf               212135062356   7.4            8.05           11.1           6.25           8.5            10             13             11             8.89           
237 - ZINDAOUI Yakout-nihed         181835054875   12             3.5            8.75           2.1            11.6           10.8           19             16             8.8            
238 - BEKHOUCHE Amina ayat          212135053573   7.3            8.25           9.95           6.6            7.4            11.7           12             6              8.75           
239 - ZABAT Dhiâ eddine            212135059542   5.4            9.35           8.85           9.1            7.75           12.2           11             6              8.75           
240 - DERADRA Rayenne maissoune     212135054036   6.8            10.3           6.3            5.7            10.6           11             15             15             8.74           
241 - BENNAI Mouna meriem           212135055172   6.95           8.3            9.6            6.4            8.35           11.5           12             6              8.69           
242 - BENDAAS Soundous              212135062341   5.45           8.05           10.3           6.95           11.4           8.5            13             11             8.63           
243 - SEFIANE Ghaith                212135054653   8.55           7.35           9.45           5.7            7.75           10.8           13.5           6              8.63           
244 - SAIDI Mouadh                  212135066397   10             9.5            7.7            4.3            7              11.5           10.5           12             8.61           
245 - ARGHIB Mounia                 191935058498   5.45           8.9            12.2           6.6            8.8            10.4           5              9              8.52           
246 - MOKRANI Kenza                 212135065724   8.05           7.55           9.2            9.8            7.1            7.8            10.5           2              8.39           
247 - EL MADJAAT Ouail              181835053521   11.6           4.9            10.65          3.15           6.1            11.2           11.5           17             8.37           
248 - CHAILA Abdelhak               212134001697   6.2            8.15           8.6            5.65           8.2            11.5           14             6              8.35           
249 - GUESSOUM Malak chames         202035047888   5.3            9.8            7.85           5.7            10             12.2           9              8              8.35           
250 - BOUNAB Sadek el amine         191935052798   4.45           6.3            9.3            4.1            10.2           12.2           19.5           10             8.29           
251 - ALOUI Ferhat oussama          212135076395   7.8            4.4            12.45          7.65           7.6            7              14             11             8.28           
252 - CHEHILI Fadel aziz            212135076365   8.45           5.75           9.8            7.75           6.1            8.8            15             2              8.27           
253 - KHELIFI Salah eddine          212135054414   5.65           9.9            9.7            8.3            6.7            9.3            8              0              8.27           
254 - BELABBAS Lilia                192135077757   5.55           5.95           10.2           6.85           10.95          8.2            15             11             8.26           
255 - KALKOUL Ines                  212135056013   8.55           6.8            9.2            6.6            8.65           8.4            10             2              8.19           
256 - BENDJEDIA Roufaida            212135061789   7.1            5.95           8.55           5.5            10             12.8           7              8              8.03           
257 - ISSAADI Bouzid                212135065718   5.6            8.9            9.4            4.8            10.1           9.3            7.5            4              7.98           
258 - SERSOUB Aya                   212135056532   4.6            6              9.2            5.7            8.8            14.2           10.5           10             7.96           
259 - GHEDJATI Mohamed nour el      212135054990   6.65           5.65           8.75           5.6            8.2            9.2            18             2              7.95           
260 - FERRADJ Oussama               202035046594   3.8            0              13.1           12.5           11.3           11.4           6              17             7.94           
261 - AGGOUN Aymen                  212135055704   7.3            8.8            7              5.6            10.5           7.8            9.5            4              7.91           
262 - AISSAOUI Amine                202035046402   6.4            5.3            9.85           6.7            7.3            12.8           8              8              7.89           
263 - CHOUGUI Ahmed yacine          212135059111   6.9            6.2            9              4.8            10.3           10.9           8              8              7.89           
264 - BENBEHOUCHE Anfal             212135055701   4.5            5.3            9.15           7.25           10.3           9.5            14.5           6              7.84           
265 - DJILANI Mohamed younes        212135055933   9.15           7.5            7.55           2.5            7.75           9.6            12.5           2              7.8            
266 - OSMANI Seif eddine            181835052424   4.75           11.85          7.1            5.25           4.15           8.6            16.5           7              7.73           
267 - ARAB Rahma                    212135064227   3.85           6.9            7.9            7.5            9.75           11.1           10.5           10             7.7            
268 - TEBTOUB Abderrahim            212135078133   3.6            8.15           8.35           6.4            8.1            9.5            14             2              7.65           
269 - MAAOUI Anfel                  212135061779   5.5            6.7            8.3            5.5            8.9            12.1           7.5            8              7.63           
270 - BOUFROURA Mohamed             212135076640   7.85           8              6.95           6.3            7              8.9            9              0              7.61           
271 - BOUDJADI Adem                 212135062917   4.8            5.1            10.45          6.3            8.05           9.5            12.5           7              7.58           
272 - GHIOU Seif eddine             212135061375   4.95           7.3            9.35           5.8            7.15           9.7            11             2              7.57           
273 - MERZOUGUI Mohamed amine       192135076651   9.2            6.2            10.35          4.5            5.65           7.2            8              5              7.5            
274 - SAYAD Abdelkrim               212135054549   5.9            5.9            7.5            5.35           8.6            10.4           10.5           6              7.32           
275 - MEFREDJ Tahani                212135066389   5.95           6.6            6.95           9.2            5.8            9.6            9              0              7.3            
276 - HADDAD Abdeldjalil            192035065548   0              0              11.05          11.8           10.3           13.1           10             19             7.1            
277 - HAMMOUDI Aya                  212135056529   3.75           7.05           8.4            5.25           8.4            10             4.5            4              6.84           
278 - SAIDI Aya                     212135069082   4.85           3.6            8.9            5.1            7.75           10.6           7.5            4              6.66           
279 - BRAHIMI Mohamed tayeb         202035052363   5.85           8.55           6.8            4.5            4.9            6              12             2              6.65           
280 - LAIB Khadidja                 171935066964   0              0              0              0              11             12.5           19.5           10             4.16           
281 - HAMOUDA Abdelbasset           171735059560   0              0              10.05          0              0              0              20             7              3.13           
282 - TAIBI Imed                    171835072511   0              0              0              0              0              11.7           20             6              2.71           
283 - SOLTANI Charef eddine         171835074020   0              0              0              0              0              10.9           15.5           6              2.33           
284 - BAARA Ahmed                   171735056062   0              0              0              0              0              0              13             2              0.81           
285 - BERRA El mouatez billah       181835051805   0              0              0              0              0              0              0              0              0              
286 - BOULAHIA Islem                181835070702   0              0              0              0              0              0              0              0              0              
